휴스로케;멤피그리;34.97%;31.23%;33.80%;;;
밀워벅스;시카불스;74.09%;14.16%;11.75%;;;
유타재즈;골든워리;12.53%;21.06%;66.41%;;;
LA레이커;피닉선즈;30.96%;36.84%;32.20%;;;
포틀트레;뉴올펠리;15.72%;17.21%;67.07%;;;
한국가스;서울삼성;64.60%;21.32%;14.07%;;;
고양소노;창원LG;28.70%;43.29%;28.01%;;;
안양정관;원주DB;11.92%;19.22%;68.86%;;;
덴버너게;LA클리퍼;62.07%;22.15%;15.77%;;;
샬럿호네;마이히트;26.51%;34.25%;39.23%;;;
디트피스;보스셀틱;9.96%;10.83%;79.21%;;;
워싱위저;클리캐벌;13.95%;16.37%;69.68%;;;
시카불스;오클썬더;19.16%;26.97%;53.87%;;;
멤피그리;올랜매직;52.09%;26.83%;21.07%;;;
