워싱위저;골든워리;36.96%;23.50%;39.54%;;;
디트피스;LA레이커;17.77%;13.75%;68.48%;;;
애틀호크;보스셀틱;6.88%;44.99%;48.14%;;;
브루네츠;멤피그리;57.02%;20.92%;22.06%;;;
마이히트;새크킹스;38.40%;36.68%;24.93%;;;
시카불스;유타재즈;35.53%;41.55%;22.92%;;;
휴스로케;뉴욕닉스;12.89%;30.95%;56.16%;;;
미네울브;샬럿호네;33.52%;53.01%;13.47%;;;
오클썬더;올랜매직;53.87%;23.50%;22.64%;;;
뉴올펠리;포틀트레;58.17%;32.66%;9.17%;;;
댈러매버;인디페이;63.04%;22.92%;14.04%;;;
덴버너게;토론랩터;45.56%;21.78%;32.66%;;;
피닉선즈;필라76s;47.28%;42.12%;10.60%;;;
LA클리퍼;샌안스퍼;70.49%;19.77%;9.74%;;;
