워싱위저;골든워리;44.54%;23.95%;31.51%;;;
디트피스;LA레이커;15.55%;15.13%;69.33%;;;
애틀호크;보스셀틱;7.98%;46.22%;45.80%;;;
브루네츠;멤피그리;63.45%;15.55%;21.01%;;;
마이히트;새크킹스;46.64%;36.55%;16.81%;;;
시카불스;유타재즈;34.87%;39.50%;25.63%;;;
휴스로케;뉴욕닉스;16.39%;27.73%;55.88%;;;
미네울브;샬럿호네;28.99%;52.10%;18.91%;;;
오클썬더;올랜매직;46.64%;28.57%;24.79%;;;
뉴올펠리;포틀트레;57.14%;30.25%;12.61%;;;
댈러매버;인디페이;52.94%;28.15%;18.91%;;;
덴버너게;토론랩터;41.18%;25.63%;33.19%;;;
피닉선즈;필라76s;45.80%;44.12%;10.08%;;;
LA클리퍼;샌안스퍼;79.41%;10.08%;10.50%;;;
