샬럿호네;인디페이;11.11%;22.22%;66.67%;;;
디트피스;애틀호크;44.44%;33.33%;22.22%;;;
올랜매직;뉴올펠리;55.56%;11.11%;33.33%;;;
보스셀틱;브루네츠;55.56%;22.22%;22.22%;;;
클리캐벌;골든워리;22.22%;55.56%;22.22%;;;
뉴욕닉스;밀워벅스;33.33%;33.33%;33.33%;;;
댈러매버;피닉선즈;33.33%;33.33%;33.33%;;;
멤피그리;워싱위저;55.56%;44.44%;0.00%;;;
오클썬더;휴스로케;33.33%;44.44%;22.22%;;;
미네울브;포틀트레;44.44%;11.11%;44.44%;;;
덴버너게;마이히트;22.22%;22.22%;55.56%;;;
LA레이커;필라76s;44.44%;33.33%;22.22%;;;
새크킹스;LA클리퍼;44.44%;22.22%;33.33%;;;
KT소닉붐;창원LG;44.44%;33.33%;22.22%;;;
