인디페이;마이히트;47.73%;32.27%;20.00%;;;
올랜매직;필라76s;21.36%;29.55%;49.09%;;;
토론랩터;디트피스;9.09%;18.64%;72.27%;;;
애틀호크;워싱위저;35.00%;36.36%;28.64%;;;
클리캐벌;시카불스;69.09%;9.55%;21.36%;;;
뉴욕닉스;브루네츠;17.73%;31.82%;50.45%;;;
샌안스퍼;LA레이커;43.64%;26.36%;30.00%;;;
휴스로케;LA클리퍼;11.36%;51.36%;37.27%;;;
뉴올펠리;덴버너게;21.82%;43.18%;35.00%;;;
오클썬더;피닉선즈;25.91%;25.00%;49.09%;;;
골든워리;멤피그리;21.82%;30.45%;47.73%;;;
새크킹스;미네울브;15.45%;46.36%;38.18%;;;
뉴올펠리;LA레이커;15.00%;29.55%;55.45%;;;
댈러매버;샌안스퍼;36.82%;10.00%;53.18%;;;
