필라76s;브루네츠;39.55%;29.03%;31.41%;;;
워싱위저;보스셀틱;8.57%;10.82%;80.61%;;;
밀워벅스;인디페이;55.59%;24.99%;19.42%;;;
시카불스;애틀호크;32.09%;42.03%;25.88%;;;
휴스로케;포틀트레;77.44%;14.69%;7.87%;;;
뉴올펠리;골든워리;7.62%;12.84%;79.54%;;;
덴버너게;댈러매버;38.13%;42.90%;18.96%;;;
LA클리퍼;새크킹스;51.67%;27.30%;21.03%;;;
유타재즈;뉴욕닉스;11.80%;17.05%;71.15%;;;
올랜매직;디트피스;66.98%;19.69%;13.32%;;;
시카불스;멤피그리;32.60%;35.41%;31.99%;;;
밀워벅스;샬럿호네;61.90%;22.73%;15.37%;;;
샌안스퍼;골든워리;15.38%;26.61%;58.01%;;;
LA레이커;덴버너게;52.76%;31.73%;15.51%;;;
