보스셀틱;애틀호크;83.75%;9.02%;7.23%;;;
디트피스;마이히트;26.81%;45.08%;28.10%;;;
올랜매직;샬럿호네;49.47%;31.01%;19.52%;;;
필라76s;뉴욕닉스;10.80%;20.21%;68.99%;;;
밀워벅스;토론랩터;52.40%;34.37%;13.23%;;;
유타재즈;피닉선즈;12.61%;16.89%;70.50%;;;
골든워리;댈러매버;60.71%;27.67%;11.62%;;;
포틀트레;미네울브;11.25%;12.85%;75.90%;;;
고양소노;울산모비;40.24%;38.76%;21.00%;;;
올랜매직;인디페이;31.44%;27.42%;41.14%;;;
브루네츠;보스셀틱;13.94%;20.25%;65.81%;;;
뉴욕닉스;시카불스;61.18%;24.94%;13.88%;;;
필라76s;클리캐벌;10.76%;14.96%;74.28%;;;
오클썬더;뉴올펠리;81.56%;10.52%;7.92%;;;
