뉴올펠리;인디페이;41.14%;28.22%;30.64%;;;
미네울브;덴버너게;34.81%;36.97%;28.21%;;;
포틀트레;오클썬더;8.73%;14.15%;77.12%;;;
KT소닉붐;원주DB;47.35%;34.68%;17.97%;;;
울산모비;안양정관;78.03%;13.80%;8.16%;;;
서울삼성;고양소노;11.07%;17.20%;71.73%;;;
필라76s;멤피그리;26.80%;37.03%;36.17%;;;
토론랩터;새크킹스;19.04%;26.09%;54.88%;;;
휴스로케;골든워리;18.37%;19.44%;62.19%;;;
밀워벅스;클리캐벌;22.85%;20.49%;56.66%;;;
샌안스퍼;미네울브;17.87%;28.45%;53.69%;;;
워싱위저;마이히트;26.77%;33.40%;39.82%;;;
덴버너게;유타재즈;75.96%;15.01%;9.03%;;;
피닉선즈;포틀트레;80.05%;12.34%;7.61%;;;
