브루네츠;덴버너게;26.14%;11.36%;62.50%;;;
미네울브;댈러매버;34.09%;17.05%;48.86%;;;
유타재즈;새크킹스;15.91%;50.00%;34.09%;;;
골든워리;뉴올펠리;55.68%;23.86%;20.45%;;;
안양정관;한국가스;32.95%;25.00%;42.05%;;;
샬럿호네;토론랩터;43.18%;19.32%;37.50%;;;
클리캐벌;LA레이커;45.45%;28.41%;26.14%;;;
인디페이;보스셀틱;30.68%;15.91%;53.41%;;;
필라76s;디트피스;52.27%;23.86%;23.86%;;;
워싱위저;애틀호크;28.41%;25.00%;46.59%;;;
마이히트;뉴욕닉스;35.23%;36.36%;28.41%;;;
시카불스;올랜매직;23.86%;54.55%;21.59%;;;
멤피그리;브루네츠;70.45%;10.23%;19.32%;;;
오클썬더;샌안스퍼;52.27%;11.36%;36.36%;;;
