팔레스타;한국;2.03 %;5.59 %;92.38 %;;;
아랍에미;카타르;42.15 %;37.87 %;19.98 %;;;
오만;이라크;16.09 %;42.76 %;41.15 %;;;
쿠웨이트;요르단;7.40 %;27.72 %;64.88 %;;;
바레인;호주;9.03 %;21.43 %;69.54 %;;;
보스니아;네덜란드;2.37 %;5.27 %;92.36 %;;;
체코;조지아;56.07 %;29.71 %;14.21 %;;;
슬로바키;에스토니;91.36 %;5.84 %;2.80 %;;;
몰타;안도라;84.02 %;12.78 %;3.20 %;;;
몬테네그;튀르키예;4.40 %;9.99 %;85.61 %;;;
헝가리;독일;4.70 %;11.56 %;83.74 %;;;
알바니아;우크라이;33.86 %;38.37 %;27.78 %;;;
웨일스;아이슬란;71.97 %;19.23 %;8.79 %;;;
스웨덴;아제르바;94.74 %;3.92 %;1.34 %;;;
