팔레스타;한국;3.18 %;9.15 %;87.68 %;;;
아랍에미;카타르;39.05 %;37.77 %;23.18 %;;;
오만;이라크;17.73 %;38.96 %;43.32 %;;;
쿠웨이트;요르단;10.19 %;28.01 %;61.80 %;;;
바레인;호주;11.09 %;22.94 %;65.97 %;;;
보스니아;네덜란드;4.45 %;6.82 %;88.72 %;;;
체코;조지아;51.80 %;29.19 %;19.00 %;;;
슬로바키;에스토니;86.07 %;8.15 %;5.78 %;;;
몰타;안도라;77.77 %;17.25 %;4.98 %;;;
몬테네그;튀르키예;6.07 %;10.00 %;83.93 %;;;
헝가리;독일;7.73 %;14.45 %;77.82 %;;;
알바니아;우크라이;32.94 %;36.82 %;30.24 %;;;
웨일스;아이슬란;72.84 %;18.82 %;8.34 %;;;
스웨덴;아제르바;94.64 %;3.60 %;1.75 %;;;
